Austin [array([[0, 0],
       [0, 0]]), array([[101, -24],
       [ 20,  36]]), array([[105,  -6],
       [ 19,  37]]), array([[116,  11],
       [ 20, -11]]), array([[ 97, -37],
       [ 21,  15]]), array([[107, -24],
       [ 13,  28]]), array([[ 97, -22],
       [  9,  13]]), array([[105, -12],
       [ 17,   7]])] 

Brussels [array([[-101,   24],
       [ -20,  -36]]), array([[0, 0],
       [0, 0]]), array([[ 4, 18],
       [-1,  1]]), array([[ 15,  35],
       [  0, -47]]), array([[ -4, -13],
       [  1, -21]]), array([[ 6,  0],
       [-7, -8]]), array([[ -4,   2],
       [-11, -23]]), array([[  4,  12],
       [ -3, -29]])] 

Darmstadt [array([[-105,    6],
       [ -19,  -37]]), array([[ -4, -18],
       [  1,  -1]]), array([[0, 0],
       [0, 0]]), array([[ 11,  17],
       [  1, -48]]), array([[ -8, -31],
       [  2, -22]]), array([[  2, -18],
       [ -6,  -9]]), array([[ -8, -16],
       [-10, -24]]), array([[  0,  -6],
       [ -2, -30]])] 

Krakow [array([[-116,  -11],
       [ -20,   11]]), array([[-15, -35],
       [  0,  47]]), array([[-11, -17],
       [ -1,  48]]), array([[0, 0],
       [0, 0]]), array([[-19, -48],
       [  1,  26]]), array([[ -9, -35],
       [ -7,  39]]), array([[-19, -33],
       [-11,  24]]), array([[-11, -23],
       [ -3,  18]])] 

London [array([[-97,  37],
       [-21, -15]]), array([[ 4, 13],
       [-1, 21]]), array([[ 8, 31],
       [-2, 22]]), array([[ 19,  48],
       [ -1, -26]]), array([[0, 0],
       [0, 0]]), array([[10, 13],
       [-8, 13]]), array([[  0,  15],
       [-12,  -2]]), array([[ 8, 25],
       [-4, -8]])] 

Pisa [array([[-107,   24],
       [ -13,  -28]]), array([[-6,  0],
       [ 7,  8]]), array([[-2, 18],
       [ 6,  9]]), array([[  9,  35],
       [  7, -39]]), array([[-10, -13],
       [  8, -13]]), array([[0, 0],
       [0, 0]]), array([[-10,   2],
       [ -4, -15]]), array([[ -2,  12],
       [  4, -21]])] 

Valencia [array([[-97,  22],
       [ -9, -13]]), array([[ 4, -2],
       [11, 23]]), array([[ 8, 16],
       [10, 24]]), array([[ 19,  33],
       [ 11, -24]]), array([[  0, -15],
       [ 12,   2]]), array([[10, -2],
       [ 4, 15]]), array([[0, 0],
       [0, 0]]), array([[ 8, 10],
       [ 8, -6]])] 

Zurich [array([[-105,   12],
       [ -17,   -7]]), array([[ -4, -12],
       [  3,  29]]), array([[ 0,  6],
       [ 2, 30]]), array([[ 11,  23],
       [  3, -18]]), array([[ -8, -25],
       [  4,   8]]), array([[  2, -12],
       [ -4,  21]]), array([[ -8, -10],
       [ -8,   6]]), array([[0, 0],
       [0, 0]])] 